a = 0.09;	
cost = 1000;
n = [0, 0.1 , 10]

n =

         0    0.1000   10.0000
------------------------------- // 변수 잘못 선언

n = [0 : 0.1 : 10] // n년 0부터 10년까지 0.1년 간격

n =

  Columns 1 through 5

         0    0.1000    0.2000    0.3000    0.4000

  Columns 6 through 10

    0.5000    0.6000    0.7000    0.8000    0.9000

  Columns 11 through 15

    1.0000    1.1000    1.2000    1.3000    1.4000

  Columns 16 through 20

    1.5000    1.6000    1.7000    1.8000    1.9000

  Columns 21 through 25

    2.0000    2.1000    2.2000    2.3000    2.4000

  Columns 26 through 30

    2.5000    2.6000    2.7000    2.8000    2.9000

  Columns 31 through 35

    3.0000    3.1000    3.2000    3.3000    3.4000

  Columns 36 through 40

    3.5000    3.6000    3.7000    3.8000    3.9000

  Columns 41 through 45

    4.0000    4.1000    4.2000    4.3000    4.4000

  Columns 46 through 50

    4.5000    4.6000    4.7000    4.8000    4.9000

  Columns 51 through 55

    5.0000    5.1000    5.2000    5.3000    5.4000

  Columns 56 through 60

    5.5000    5.6000    5.7000    5.8000    5.9000

  Columns 61 through 65

    6.0000    6.1000    6.2000    6.3000    6.4000

  Columns 66 through 70

    6.5000    6.6000    6.7000    6.8000    6.9000

  Columns 71 through 75

    7.0000    7.1000    7.2000    7.3000    7.4000

  Columns 76 through 80

    7.5000    7.6000    7.7000    7.8000    7.9000

  Columns 81 through 85

    8.0000    8.1000    8.2000    8.3000    8.4000

  Columns 86 through 90

    8.5000    8.6000    8.7000    8.8000    8.9000

  Columns 91 through 95

    9.0000    9.1000    9.2000    9.3000    9.4000

  Columns 96 through 100

    9.5000    9.6000    9.7000    9.8000    9.9000

  Column 101

   10.0000

r = 0.09; //연 이자율
clear a  //잘못된 변수 삭제
clear cost //잘못된 변수 삭제
a = 1000 // 초기 투자 금액

a =

        1000

a

a =

        1000

r

r =

    0.0900 

b = a*(1+r).^n // n년후의 총 금액

b =

  1.0e+003 *

  Columns 1 through 5

    1.0000    1.0087    1.0174    1.0262    1.0351

  Columns 6 through 10

    1.0440    1.0531    1.0622    1.0714    1.0806

  Columns 11 through 15

    1.0900    1.0994    1.1089    1.1185    1.1282

  Columns 16 through 20

    1.1380    1.1478    1.1578    1.1678    1.1779

  Columns 21 through 25

    1.1881    1.1984    1.2088    1.2192    1.2298

  Columns 26 through 30

    1.2404    1.2511    1.2620    1.2729    1.2839

  Columns 31 through 35

    1.2950    1.3062    1.3175    1.3289    1.3404

  Columns 36 through 40

    1.3520    1.3638    1.3756    1.3875    1.3995

  Columns 41 through 45

    1.4116    1.4238    1.4361    1.4486    1.4611

  Columns 46 through 50

    1.4737    1.4865    1.4994    1.5123    1.5254

  Columns 51 through 55

    1.5386    1.5519    1.5654    1.5789    1.5926

  Columns 56 through 60

    1.6064    1.6203    1.6343    1.6484    1.6627

  Columns 61 through 65

    1.6771    1.6916    1.7063    1.7210    1.7359

  Columns 66 through 70

    1.7509    1.7661    1.7814    1.7968    1.8124

  Columns 71 through 75

    1.8280    1.8439    1.8598    1.8759    1.8922

  Columns 76 through 80

    1.9085    1.9250    1.9417    1.9585    1.9755

  Columns 81 through 85

    1.9926    2.0098    2.0272    2.0447    2.0624

  Columns 86 through 90

    2.0803    2.0983    2.1165    2.1348    2.1533

  Columns 91 through 95

    2.1719    2.1907    2.2097    2.2288    2.2481

  Columns 96 through 100

    2.2675    2.2871    2.3069    2.3269    2.3470

  Column 101

    2.3674

plot(n, B
??? plot(n, B 
             |
{Error: Expression or statement is incorrect--possibly
unbalanced (, {, or [.
} 
plot(n, b), title('20145128_박인근'),xlabel('year time'),ylabel('money'),grid 		// 그래프를 구하기 위한 식 x축 이름 year time y축 이름 돈 	
diary off 
